# This file may be used to create an environment using:
# $ conda create --name <env> --file <this file>
# platform: osx-64
bzip2=1.0.8=hc929b4f_4
c-ares=1.17.1=hc929b4f_0
ca-certificates=2020.12.5=h033912b_0
cairo=1.16.0=h4ec454a_1007
certifi=2020.12.5=py38h50d1736_0
ffmpeg=4.3.1=he496704_1
fontconfig=2.13.1=h07ff6b0_1003
freetype=2.10.4=h3f75d11_0
gettext=0.19.8.1=h7937167_1005
gmp=6.2.1=h2e338ed_0
gnutls=3.6.13=h756fd2b_1
graphite2=1.3.13=h2e338ed_1001
harfbuzz=2.7.2=hf28d55f_2
hdf5=1.10.6=nompi_h0f9794f_1112
icu=68.1=h74dc148_0
jasper=1.900.1=h636a363_1006
jpeg=9d=hbcb3906_0
krb5=1.17.2=h60d9502_0
lame=3.100=h1de35cc_1001
libblas=3.9.0=3_openblas
libcblas=3.9.0=3_openblas
libcurl=7.71.1=h9bf37e3_8
libcxx=11.0.0=h4c3b8ed_1
libedit=3.1.20191231=h1de35cc_1
libev=4.33=haf1e3a3_1
libffi=3.3=hb1e8313_2
libgfortran=5.0.0=h6c81a4c_15
libgfortran5=9.3.0=h6c81a4c_15
libglib=2.66.4=h7424822_1
libiconv=1.16=haf1e3a3_0
liblapack=3.9.0=3_openblas
liblapacke=3.9.0=3_openblas
libnghttp2=1.41.0=h7580e61_2
libopenblas=0.3.12=openmp_h54245bb_1
libopencv=4.5.0=py38_4
libpng=1.6.37=h7cec526_2
libssh2=1.9.0=h8a08a2b_5
libtiff=4.2.0=h355d032_0
libwebp-base=1.1.0=hbcb3906_3
libxml2=2.9.10=h802ca4f_3
llvm-openmp=11.0.0=h73239a0_1
lz4-c=1.9.2=hb1e8313_3
ncurses=6.2=h0a44026_1
nettle=3.6=hedd7734_0
numpy=1.19.4=py38h6ced74f_2
opencv=4.5.0=py38_4
openh264=2.1.1=hd174df1_0
openssl=1.1.1i=h35c211d_0
pcre=8.44=hb1e8313_0
pip=20.3.3=py38hecd8cb5_0
pixman=0.40.0=hbcb3906_0
py-opencv=4.5.0=py38h9bb44b7_4
pygame=2.0.1=pypi_0
python=3.8.5=h26836e1_1
python_abi=3.8=1_cp38
readline=8.0=h1de35cc_0
setuptools=51.0.0=py38hecd8cb5_2
sqlite=3.33.0=hffcf06c_0
tk=8.6.10=hb0a8c7a_0
wheel=0.36.2=pyhd3eb1b0_0
x264=1!152.20180806=h1de35cc_0
xz=5.2.5=h1de35cc_0
zlib=1.2.11=h1de35cc_3
zstd=1.4.5=h289c70a_2
